// TEST PIVOTS
0.0 0.0 0
10.0 10.0 0
20.0 20.0 0

// R PIVOTS - SPATIAL
33.0 167.0 69
100.0 23.0 9
164.0 99.0 5
31.0 33.0 33
168.0 165.0 46
167.0 33.0 8
106.0 174.0 66
30.0 98.0 37
102.0 71.0 48
89.0 126.0 42

// R PIVOTS - SPATIAL-TEMPORAL
23.0 170.0 33
104.0 31.0 34
162.0 101.0 35
31.0 33.0 33
168.0 166.0 37
169.0 40.0 37
118.0 168.0 34
30.0 98.0 37
98.0 95.0 43
68.0 152.0 40

// MEUS PIVOTS - SPATIAL TEMPORAL
94.0 99.0 72
94.0 101.0 18
100.0 96.0 2
100.0 96.0 21
91.0 102.0 34
91.0 93.0 18
92.0 91.0 5
105.0 93.0 47
106.0 105.0 48
99.0 110.0 39